1.150580200195312500e+03,1.152256591796875000e+03,1.153932983398437500e+03,1.155609252929687500e+03,1.157285644531250000e+03,1.158961914062500000e+03,1.160638305664062500e+03,1.162314575195312500e+03,1.163990966796875000e+03,1.165667236328125000e+03,1.167343627929687500e+03,1.169020019531250000e+03,1.170696289062500000e+03,1.172372680664062500e+03,1.174048950195312500e+03,1.175725341796875000e+03,1.177401611328125000e+03,1.179078002929687500e+03,1.180754394531250000e+03,1.182430664062500000e+03,1.184107055664062500e+03,1.185783325195312500e+03,1.187459716796875000e+03,1.189135986328125000e+03,1.190812377929687500e+03,1.192488647460937500e+03,1.194165039062500000e+03,1.195841308593750000e+03,1.197517700195312500e+03,1.199194091796875000e+03,1.200870361328125000e+03,1.202546752929687500e+03,1.204223022460937500e+03,1.205899414062500000e+03,1.207575683593750000e+03,1.209252075195312500e+03,1.210928466796875000e+03,1.212604736328125000e+03,1.214281127929687500e+03,1.215957397460937500e+03,1.217633789062500000e+03,1.219310058593750000e+03,1.220986450195312500e+03,1.222662719726562500e+03,1.224339111328125000e+03,1.226015380859375000e+03,1.227691772460937500e+03,1.229368164062500000e+03,1.231044433593750000e+03,1.232720825195312500e+03,1.234397094726562500e+03,1.236073486328125000e+03,1.237749755859375000e+03,1.239426147460937500e+03,1.241102539062500000e+03,1.242778808593750000e+03,1.244455200195312500e+03,1.246131469726562500e+03,1.247807861328125000e+03,1.249484130859375000e+03,1.251160522460937500e+03,1.252836914062500000e+03,1.254513183593750000e+03,1.256189575195312500e+03,1.257865844726562500e+03,1.259542236328125000e+03,1.261218505859375000e+03,1.262894897460937500e+03,1.264571166992187500e+03,1.266247558593750000e+03,1.267923828125000000e+03,1.269600219726562500e+03,1.271276611328125000e+03,1.272952880859375000e+03,1.274629272460937500e+03,1.276305541992187500e+03,1.277981933593750000e+03,1.279658203125000000e+03,1.281334594726562500e+03,1.283010986328125000e+03,1.284687255859375000e+03,1.286363647460937500e+03,1.288039916992187500e+03,1.289716308593750000e+03,1.291392578125000000e+03,1.293068969726562500e+03,1.294745239257812500e+03,1.296421630859375000e+03,1.298097900390625000e+03,1.299774291992187500e+03,1.301450683593750000e+03,1.303126953125000000e+03,1.304803344726562500e+03,1.306479614257812500e+03,1.308156005859375000e+03,1.309832275390625000e+03,1.311508666992187500e+03,1.313185058593750000e+03,1.314861328125000000e+03,1.316537719726562500e+03,1.318213989257812500e+03,1.319890380859375000e+03,1.321566650390625000e+03,1.323243041992187500e+03,1.324919433593750000e+03,1.326595703125000000e+03,1.328271972656250000e+03,1.329948364257812500e+03,1.331624755859375000e+03,1.333301025390625000e+03,1.334977416992187500e+03,1.336653686523437500e+03,1.338330078125000000e+03,1.340006347656250000e+03,1.341682739257812500e+03,1.343359130859375000e+03,1.345035400390625000e+03,1.346711791992187500e+03,1.348388061523437500e+03,1.350064453125000000e+03,1.351740722656250000e+03,1.353417114257812500e+03,1.355093505859375000e+03,1.356769775390625000e+03,1.358446044921875000e+03,1.360122436523437500e+03,1.361798828125000000e+03,1.363475097656250000e+03,1.365151489257812500e+03,1.366827880859375000e+03,1.368504150390625000e+03,1.370180419921875000e+03,1.371856811523437500e+03,1.373533203125000000e+03,1.375209472656250000e+03,1.376885864257812500e+03,1.378562133789062500e+03,1.380238525390625000e+03,1.381914794921875000e+03,1.383591186523437500e+03,1.385267578125000000e+03,1.386943847656250000e+03,1.388620239257812500e+03,1.390296508789062500e+03,1.391972900390625000e+03,1.393649169921875000e+03,1.395325561523437500e+03,1.397001953125000000e+03,1.398678222656250000e+03,1.400354492187500000e+03,1.402030883789062500e+03,1.403707275390625000e+03,1.405383544921875000e+03,1.407059936523437500e+03,1.408736206054687500e+03,1.410412597656250000e+03,1.412088867187500000e+03,1.413765258789062500e+03,1.415441650390625000e+03,1.417117919921875000e+03,1.418794311523437500e+03,1.420470581054687500e+03,1.422146972656250000e+03,1.423823242187500000e+03,1.425499633789062500e+03,1.427176025390625000e+03,1.428852294921875000e+03,1.430528564453125000e+03,1.432204956054687500e+03,1.433881347656250000e+03,1.435557617187500000e+03,1.437234008789062500e+03,1.438910278320312500e+03,1.440586669921875000e+03,1.442262939453125000e+03,1.443939331054687500e+03,1.445615722656250000e+03,1.447291992187500000e+03,1.448968383789062500e+03,1.450644653320312500e+03,1.452321044921875000e+03,1.453997314453125000e+03,1.455673706054687500e+03,1.457350097656250000e+03,1.459026367187500000e+03,1.460702636718750000e+03,1.462379028320312500e+03,1.464055419921875000e+03,1.465731689453125000e+03,1.467408081054687500e+03,1.469084472656250000e+03,1.470760742187500000e+03,1.472437011718750000e+03,1.474113403320312500e+03,1.475789794921875000e+03,1.477466064453125000e+03,1.479142456054687500e+03,1.480818725585937500e+03,1.482495117187500000e+03,1.484171386718750000e+03,1.485847778320312500e+03,1.487524169921875000e+03,1.489200439453125000e+03,1.490876831054687500e+03,1.492553100585937500e+03,1.494229492187500000e+03,1.495905761718750000e+03,1.497582153320312500e+03,1.499258544921875000e+03,1.500934814453125000e+03,1.502611083984375000e+03,1.504287475585937500e+03,1.505963867187500000e+03,1.507640136718750000e+03,1.509316528320312500e+03,1.510992797851562500e+03,1.512669189453125000e+03,1.514345458984375000e+03,1.516021850585937500e+03,1.517698242187500000e+03,1.519374511718750000e+03,1.521050903320312500e+03,1.522727172851562500e+03,1.524403564453125000e+03,1.526079833984375000e+03,1.527756225585937500e+03,1.529432617187500000e+03,1.531108886718750000e+03,1.532785156250000000e+03,1.534461547851562500e+03,1.536137939453125000e+03,1.537814208984375000e+03,1.539490600585937500e+03,1.541166992187500000e+03,1.542843261718750000e+03,1.544519531250000000e+03,1.546195922851562500e+03,1.547872314453125000e+03,1.549548583984375000e+03,1.551224975585937500e+03,1.552901245117187500e+03,1.554577636718750000e+03,1.556253906250000000e+03,1.557930297851562500e+03,1.559606689453125000e+03,1.561282958984375000e+03,1.562959228515625000e+03,1.564635620117187500e+03,1.566312011718750000e+03,1.567988281250000000e+03,1.569664672851562500e+03,1.571341064453125000e+03,1.573017333984375000e+03,1.574693603515625000e+03,1.576369995117187500e+03,1.578046386718750000e+03,1.579722656250000000e+03,1.581399047851562500e+03,1.583075439453125000e+03,1.584751708984375000e+03,1.586427978515625000e+03,1.588104370117187500e+03,1.589780761718750000e+03,1.591457031250000000e+03,1.593133300781250000e+03,1.594809692382812500e+03,1.596486083984375000e+03,1.598162353515625000e+03,1.599838745117187500e+03,1.601515136718750000e+03,1.603191406250000000e+03,1.604867675781250000e+03,1.606544067382812500e+03,1.608220458984375000e+03,1.609896728515625000e+03,1.611573120117187500e+03,1.613249511718750000e+03,1.614925781250000000e+03,1.616602050781250000e+03,1.618278442382812500e+03,1.619954833984375000e+03,1.621631103515625000e+03,1.623307373046875000e+03,1.624983886718750000e+03,1.626660156250000000e+03,1.628336425781250000e+03,1.630012817382812500e+03,1.631689208984375000e+03,1.633365478515625000e+03,1.635041748046875000e+03,1.636718139648437500e+03,1.638394531250000000e+03,1.640070800781250000e+03,1.641747192382812500e+03,1.643423583984375000e+03,1.645099853515625000e+03,1.646776123046875000e+03,1.648452514648437500e+03,1.650128906250000000e+03,1.651805175781250000e+03,1.653481445312500000e+03,1.655157958984375000e+03,1.656834228515625000e+03,1.658510498046875000e+03,1.660186889648437500e+03,1.661863281250000000e+03,1.663539550781250000e+03,1.665215820312500000e+03,1.666892211914062500e+03,1.668568603515625000e+03,1.670244873046875000e+03,1.671921264648437500e+03,1.673597656250000000e+03,1.675273925781250000e+03,1.676950195312500000e+03,1.678626586914062500e+03,1.680302978515625000e+03,1.681979248046875000e+03,1.683655639648437500e+03,1.685332031250000000e+03,1.687008300781250000e+03,1.688684570312500000e+03,1.690360961914062500e+03,1.692037353515625000e+03,1.693713623046875000e+03,1.695389892578125000e+03,1.697066284179687500e+03,1.698742675781250000e+03,1.700418945312500000e+03,1.702095336914062500e+03,1.703771728515625000e+03,1.705447998046875000e+03,1.707124267578125000e+03,1.708800659179687500e+03,1.710477050781250000e+03,1.712153320312500000e+03,1.713829711914062500e+03,1.715506103515625000e+03,1.717182373046875000e+03,1.718858642578125000e+03,1.720535034179687500e+03,1.722211425781250000e+03,1.723887695312500000e+03,1.725563964843750000e+03,1.727240478515625000e+03,1.728916748046875000e+03,1.730593017578125000e+03,1.732269409179687500e+03,1.733945800781250000e+03,1.735622070312500000e+03,1.737298339843750000e+03,1.738974731445312500e+03,1.740651123046875000e+03,1.742327392578125000e+03,1.744003784179687500e+03,1.745680175781250000e+03,1.747356445312500000e+03,1.749032714843750000e+03,1.750709106445312500e+03,1.752385498046875000e+03,1.754061767578125000e+03,1.755738159179687500e+03,1.757414550781250000e+03,1.759090820312500000e+03,1.760767089843750000e+03,1.762443481445312500e+03,1.764119873046875000e+03,1.765796142578125000e+03,1.767472412109375000e+03,1.769148803710937500e+03,1.770825195312500000e+03,1.772501464843750000e+03,1.774177856445312500e+03,1.775854248046875000e+03,1.777530517578125000e+03,1.779206787109375000e+03,1.780883178710937500e+03,1.782559570312500000e+03,1.784235839843750000e+03,1.785912231445312500e+03,1.787588623046875000e+03,1.789264892578125000e+03,1.790941162109375000e+03,1.792617553710937500e+03,1.794293945312500000e+03,1.795970214843750000e+03,1.797646484375000000e+03,1.799322998046875000e+03,1.800999267578125000e+03,1.802675537109375000e+03,1.804351928710937500e+03,1.806028320312500000e+03,1.807704589843750000e+03,1.809380859375000000e+03,1.811057250976562500e+03,1.812733642578125000e+03,1.814409912109375000e+03,1.816086303710937500e+03,1.817762695312500000e+03,1.819438964843750000e+03,1.821115234375000000e+03,1.822791625976562500e+03,1.824468017578125000e+03,1.826144287109375000e+03,1.827820556640625000e+03,1.829497070312500000e+03,1.831173339843750000e+03,1.832849609375000000e+03,1.834526000976562500e+03,1.836202392578125000e+03,1.837878662109375000e+03,1.839554931640625000e+03,1.841231323242187500e+03,1.842907714843750000e+03,1.844583984375000000e+03,1.846260375976562500e+03,1.847936767578125000e+03,1.849613037109375000e+03,1.851289306640625000e+03,1.852965698242187500e+03,1.854642089843750000e+03,1.856318359375000000e+03,1.857994750976562500e+03,1.859671142578125000e+03,1.861347412109375000e+03,1.863023681640625000e+03,1.864700073242187500e+03,1.866376464843750000e+03,1.868052734375000000e+03,1.869729003906250000e+03,1.871405395507812500e+03,1.873081787109375000e+03,1.874758056640625000e+03,1.876434448242187500e+03,1.878110839843750000e+03,1.879787109375000000e+03,1.881463378906250000e+03,1.883139770507812500e+03,1.884816162109375000e+03,1.886492431640625000e+03,1.888168823242187500e+03,1.889845214843750000e+03,1.891521484375000000e+03,1.893197753906250000e+03,1.894874145507812500e+03,1.896550537109375000e+03,1.898226806640625000e+03,1.899903076171875000e+03,1.901579589843750000e+03,1.903255859375000000e+03,1.904932128906250000e+03,1.906608520507812500e+03,1.908284912109375000e+03,1.909961181640625000e+03,1.911637451171875000e+03,1.913313842773437500e+03,1.914990234375000000e+03,1.916666503906250000e+03,1.918342895507812500e+03,1.920019287109375000e+03,1.921695556640625000e+03,1.923371826171875000e+03,1.925048217773437500e+03,1.926724609375000000e+03,1.928400878906250000e+03,1.930077148437500000e+03,1.931753662109375000e+03,1.933429931640625000e+03,1.935106201171875000e+03,1.936782592773437500e+03,1.938458984375000000e+03,1.940135253906250000e+03,1.941811523437500000e+03,1.943487915039062500e+03,1.945164306640625000e+03,1.946840576171875000e+03,1.948516967773437500e+03,1.950193359375000000e+03,1.951869628906250000e+03,1.953545898437500000e+03,1.955222290039062500e+03,1.956898681640625000e+03,1.958574951171875000e+03,1.960251342773437500e+03,1.961927734375000000e+03,1.963604003906250000e+03,1.965280273437500000e+03,1.966956665039062500e+03,1.968633056640625000e+03,1.970309326171875000e+03,1.971985595703125000e+03,1.973661987304687500e+03,1.975338378906250000e+03,1.977014648437500000e+03,1.978691040039062500e+03,1.177068338631404032e-11,1.061684247460892294e-11,5.486674049121065266e-12,1.110831999301398199e-11,7.766496647187981495e-12,1.260223349286437866e-11,1.292881079972829639e-11,6.796691681687505593e-12,1.302958956006516900e-11,1.067741121213439115e-11,8.482777848206612958e-12,6.950865664295813318e-12,7.088298697999206865e-12,1.084800738820890231e-11,8.586761510165352718e-12,6.304269606349777177e-12,8.102114465446952352e-12,1.257198165016681912e-11,1.161592263348998344e-11,1.040228493620620753e-11,9.902791260618659663e-12,9.054245200812438554e-12,8.457932271221935139e-12,5.564603031832371371e-12,7.615026664797852618e-12,2.054213136398752582e-12,1.092981868205944451e-11,9.555292321272723655e-12,8.451972628720216818e-12,6.825508908070432312e-12,4.328965571426257597e-12,6.438354190063666493e-12,5.732646562311982663e-12,4.541410650316102249e-12,3.321639621342575843e-12,1.680346074957317359e-12,1.109322703141124578e-12,1.441915570233806565e-13,3.079868174729605279e-13,3.610387271264781095e-13,4.311999162679575059e-13,1.467476639337161881e-12,1.681960668832582773e-12,2.194582840106540367e-12,4.208856787396575427e-12,6.756383213318839509e-12,6.269209110176809929e-12,7.794973867769616760e-12,8.483318214569379734e-12,8.734383875885765036e-12,7.912387758879368960e-12,6.805802883064204778e-12,7.363504771207285415e-12,7.969402048002560690e-12,9.004850684557474949e-12,9.809682580130818508e-12,1.219266874963320646e-11,1.102753825754643202e-11,1.183654736724992773e-11,1.116444176690878365e-11,1.183472070342972415e-11,1.016626019478827914e-11,1.114207077296258674e-11,1.130937097443274197e-11,1.022479410167642655e-11,8.984330640560145298e-12,8.192430241138470848e-12,1.213725040610791339e-11,1.223515299492161645e-11,1.155444403350136540e-11,1.138057096478073404e-11,1.291373952216900989e-11,1.146836531989992025e-11,1.207324257929132116e-11,1.164836629929943967e-11,1.094290370123873757e-11,1.211946428630872319e-11,1.259608042869508893e-11,1.302333761665774858e-11,1.297543669731560101e-11,1.248442495216384174e-11,1.246455716419347937e-11,1.260581309475705680e-11,1.280660993918658619e-11,1.237560921796276858e-11,1.395013271565659352e-11,1.193031871210559203e-11,1.173280483185434875e-11,1.164473118625553028e-11,1.252748686036975201e-11,1.170184435461685268e-11,1.141550569350169297e-11,1.027170449391379137e-11,1.172509745545058379e-11,1.435421226325672706e-11,1.390815847907012071e-11,1.318355580953722850e-11,1.330501247370774465e-11,1.367727372331151159e-11,1.397019999682669322e-11,1.315816552938109396e-11,1.237242426566087516e-11,1.176987153572728317e-11,1.231395627826481487e-11,1.295766011849552868e-11,1.308383609788243973e-11,1.267969583496064701e-11,1.329210613104647720e-11,1.311851755697590605e-11,1.265335839578662913e-11,1.023797453064689833e-11,1.174911990614591062e-11,1.283854706574105720e-11,1.232656424848821430e-11,1.254134296413411676e-11,1.361023359985891190e-11,1.371350342310728720e-11,1.199182420030808771e-11,1.179302402259940763e-11,1.282490953713466553e-11,1.320545409133622172e-11,1.344178240936244606e-11,1.287482533779416016e-11,1.358400805034909453e-11,1.424701589342047825e-11,1.198825587411800342e-11,1.303312579387094772e-11,1.290986501728541569e-11,1.427798591163709219e-11,1.379628095793394849e-11,1.380466227440813043e-11,1.275222462349123731e-11,1.220379613336985969e-11,1.397995261220863483e-11,1.352912747110135427e-11,1.378424891590457335e-11,1.470481375553944758e-11,1.454198220174340861e-11,1.412441084230886545e-11,1.321327856157461511e-11,1.210299395426606139e-11,1.239068483233074502e-11,1.306959748759162210e-11,1.283575502830647252e-11,1.184304303930572289e-11,9.571636018501639143e-12,9.273763180994709643e-12,1.192141090705645112e-11,1.267790473297170095e-11,1.114493133197447250e-11,1.199528063683397150e-11,1.235813448102751622e-11,1.268992810138369620e-11,1.278403164578501006e-11,1.216411433385689023e-11,1.246383985603616296e-11,1.382758924722837790e-11,1.235328245946520909e-11,1.211273616130714714e-11,1.176988194406813903e-11,1.194041393537403906e-11,1.134421289544773614e-11,1.281791513207952704e-11,1.235948669797704014e-11,1.310570228729712738e-11,1.384628956629940788e-11,1.346671298779744674e-11,1.295143506330198591e-11,1.403729736615400014e-11,1.295815364732444408e-11,1.455576804920699630e-11,1.432915938681667001e-11,1.203840672980849291e-11,1.202159292251758771e-11,1.245764168905649782e-11,1.211938882583751820e-11,1.395351195698779634e-11,9.987644392084327194e-12,1.321907687479306759e-11,1.361942936900506496e-11,1.146224348075319810e-11,1.377821207820817406e-11,1.329356503348977370e-11,1.154111962248238754e-11,1.085408759399220102e-11,1.211173175641455657e-11,1.334920455425825381e-11,1.334953415171868940e-11,1.256247710024194220e-11,1.326278063068508928e-11,1.343946655352201702e-11,1.270629001320910945e-11,1.455320586263297855e-11,1.323794719676474330e-11,1.270607057068939838e-11,1.277807460536850570e-11,1.243754491758730651e-11,1.140573486352325361e-11,1.147679520863142955e-11,1.079817745636146853e-11,1.292265339875031671e-11,1.342143583771271409e-11,1.357373588528609787e-11,1.422112514554152440e-11,1.259943711862110405e-11,1.185241314816121161e-11,1.335034773702892252e-11,1.435055980297805789e-11,1.254622794544246744e-11,1.185062204617226556e-11,1.061722931794406577e-11,1.225387152858914419e-11,1.315204802704306175e-11,1.293081006853435966e-11,1.307500635538971778e-11,1.147230574427560157e-11,1.104309352295551605e-11,1.113382129547257904e-11,1.156694792031620622e-11,1.207247930096189137e-11,1.249433369265862126e-11,1.248950855931019177e-11,1.159460288197022848e-11,1.181540282280124643e-11,1.116700482084453938e-11,1.031786461824779622e-11,9.051731586495748161e-12,1.101913612439053836e-11,1.066558646956039524e-11,9.711612590501683684e-12,1.005826064798265307e-11,1.189486703578879201e-11,1.278557815176384338e-11,1.170689760410237312e-11,1.056925120340723723e-11,9.047419063934469818e-12,1.021397983552718713e-11,8.845026273907041769e-12,7.170580101911738780e-12,8.600197810848531077e-12,9.836218645142835726e-12,1.153174864626516083e-11,1.066725353882080896e-11,9.495302981388231700e-12,9.534407985345438874e-12,9.152162534775687419e-12,7.905972751465206727e-12,8.586000833921136888e-12,1.055527193427607813e-11,1.051019167530586884e-11,9.399406600274495815e-12,1.113692558313283953e-11,1.049925597851331105e-11,9.809659161363892821e-12,1.052719716954086948e-11,1.157880995944493563e-11,9.758346040944498867e-12,1.099605129173397700e-11,1.013325881538129636e-11,9.292233649205172696e-12,1.061017853437595804e-11,1.250990977474941701e-11,1.181327518445796088e-11,1.004956361183584335e-11,8.745980502322669992e-12,1.034663847654382351e-11,1.032865720035358592e-11,1.043895785785009522e-11,1.133571968930935370e-11,1.011808171968997527e-11,9.980498198725040737e-12,1.042923213068203125e-11,1.019515288164241085e-11,9.532985512095137892e-12,7.926200494556834286e-12,7.476085722712966231e-12,9.045563777176912623e-12,9.148632372502074617e-12,8.791451074074974059e-12,9.217805338468387788e-12,1.156287912640330262e-11,1.114516465228199138e-11,9.877403582547739092e-12,9.990787711022797168e-12,9.482109541991690094e-12,8.663546442744252118e-12,8.151912304910080564e-12,7.910705944469409445e-12,1.166198821539454755e-11,1.256323430703920607e-11,1.033481026452287566e-11,9.038618811740839476e-12,9.914736566474235957e-12,9.465778855188844432e-12,9.367764376710940866e-12,1.015929874947918421e-11,1.011873397571694255e-11,1.135948973773892590e-11,1.018263858648671416e-11,1.138888983120978082e-11,1.035385232411867307e-11,1.059117637342010809e-11,9.472896425610777271e-12,8.687738028978486682e-12,9.021108512974329585e-12,9.202045375689138496e-12,8.981272323071998187e-12,1.059326064367649423e-11,1.040736073709691567e-11,1.027837970984935012e-11,8.976471475852232373e-12,9.686128635277846399e-12,9.311054531557783065e-12,9.412706725164809995e-12,9.582938609309366029e-12,1.043648587689682827e-11,1.085099805148148633e-11,1.121671418941039278e-11,1.124398924662317611e-11,1.057876616167297001e-11,1.078284857236599947e-11,1.023171391362209803e-11,1.015795173670008822e-11,1.046100706059149843e-11,9.546357628009705110e-12,9.889463380152729854e-12,9.846597495699604963e-12,1.054295453023490481e-11,1.116718783417125493e-11,9.848444976201520262e-12,1.010847048427132577e-11,9.793383118350540428e-12,1.092196905833064946e-11,1.058761411876218972e-11,9.374290406427565614e-12,1.021483678892431968e-11,9.428180458570523115e-12,9.296689286453219125e-12,9.703550463147081473e-12,8.086312001942541627e-12,7.623031546277747594e-12,8.471331275350379997e-12,9.334418654693976691e-12,9.858282593033784735e-12,9.556504892982431443e-12,1.031281397084748974e-11,1.066829003609770510e-11,1.068212098637166818e-11,1.134347303588523204e-11,1.083993918932213418e-11,1.036166985546316255e-11,1.046955404315763616e-11,9.577917452208151161e-12,9.503835218804823626e-12,1.085839577974478942e-11,1.017280704118661561e-11,9.812554414845298112e-12,9.596825938096298358e-12,9.881864423966213451e-12,9.856819353781798299e-12,9.427725093658079203e-12,9.896806464626539679e-12,9.747653205438577828e-12,1.044344472012070923e-11,1.000686946500684016e-11,1.000804387280007646e-11,1.061606184904473338e-11,1.026243413165817131e-11,1.007816486514601095e-11,9.652292853878918777e-12,9.947634729834398115e-12,9.454020899468673633e-12,9.705889737754436197e-12,9.940703642186132782e-12,1.049456181678731781e-11,1.102783489526082406e-11,1.121210416177298441e-11,1.034136231509164006e-11,9.066791588352440812e-12,9.679265201845144162e-12,9.598944902822204028e-12,9.629744918138172238e-12,9.496580605228288618e-12,9.086325442053677648e-12,8.600621950738407406e-12,9.428622813056897201e-12,9.390379966667250500e-12,9.094249658891939703e-12,9.369686450322323168e-12,9.191897243354674174e-12,8.987181658592913180e-12,8.609419600846823784e-12,8.431783049545060749e-12,8.273358560739740852e-12,8.013564638253978245e-12,8.286709859972596348e-12,8.627308069331096618e-12,9.149614225989477490e-12,9.120454391720045351e-12,9.332158310004778912e-12,9.773241244070973721e-12,9.639298040320376515e-12,9.624778404826450640e-12,9.071575088337446857e-12,8.789842118051005571e-12,9.198909863006310417e-12,9.189692409816707652e-12,8.864150732867948079e-12,8.508041493549001189e-12,8.148387346806895692e-12,8.795504255476593869e-12,8.502785281416791463e-12,8.637707736569577577e-12,8.929384141820317922e-12,8.743398366428678514e-12,8.534923635894475780e-12,8.680994291465626844e-12,8.241950524845442771e-12,7.924415464100054152e-12,8.669726395127419494e-12,9.077829633830081235e-12,9.145621759909516868e-12,9.244267677732675992e-12,9.081312091208104675e-12,8.594992773058862667e-12,8.730973409531994633e-12,9.066743883456851449e-12,9.512113319232184949e-12,9.535871224597425311e-12,8.513955165878606124e-12,8.832930047109055494e-12,8.324708977713868308e-12,8.154215150324439776e-12,8.245785131089089504e-12,8.858533698252735178e-12,9.067161084452823872e-12,9.194556574443346619e-12,8.892555095063592319e-12,8.713292240503101027e-12,8.596991174503187949e-12,7.765281473393059741e-12,8.103183055108154065e-12,8.099641617131947413e-12,8.490535531591181240e-12,8.070978781138382629e-12,8.245593444144994066e-12,8.429875721083224249e-12,8.663537769126872234e-12,8.364753334433316923e-12,8.183416617957295358e-12,8.042583959921856263e-12,8.136866180841195728e-12,8.083680426429484811e-12,8.219222177863194645e-12,8.671793318149045859e-12,8.983752110280907033e-12,8.750028479553861871e-12,7.586528627534505631e-12,7.376310499906946205e-12,7.454631530123823069e-12,7.845289522190324050e-12,7.579719837891296663e-12,7.492651464546806750e-12,7.477357275020857230e-12,7.635611760925531399e-12,7.879633577567712877e-12,8.051867332603546146e-12,8.324808724313736974e-12,7.997459465503009568e-12,7.970743856611228750e-12,7.519913511333520262e-12,7.502181167962085340e-12,7.620033944111259672e-12,7.445276166417880148e-12,7.309695383705960836e-12,7.432748860836113636e-12,7.532294232781566734e-12,7.468673249300117334e-12,7.547555462561472694e-12,7.407467868258965638e-12,7.295892189007613382e-12,6.974018151167937773e-12,7.164011571469952600e-12,7.349855966898299897e-12,7.189186312234197018e-12,7.218742964498758852e-12,7.325475295805183862e-12,7.251143695902184660e-12,7.007291882160648910e-12,6.952573933238781478e-12,7.303461654895038180e-12,7.224299283792312565e-12,7.103711716083260796e-12,7.366729622149126300e-12,7.271235263200948040e-12
1.150588745117187500e+03,1.152265014648437500e+03,1.153941406250000000e+03,1.155617675781250000e+03,1.157294067382812500e+03,1.158970458984375000e+03,1.160646728515625000e+03,1.162323120117187500e+03,1.163999511718750000e+03,1.165675781250000000e+03,1.167352172851562500e+03,1.169028564453125000e+03,1.170704833984375000e+03,1.172381225585937500e+03,1.174057617187500000e+03,1.175733886718750000e+03,1.177410278320312500e+03,1.179086669921875000e+03,1.180762939453125000e+03,1.182439331054687500e+03,1.184115600585937500e+03,1.185791992187500000e+03,1.187468383789062500e+03,1.189144653320312500e+03,1.190821044921875000e+03,1.192497436523437500e+03,1.194173706054687500e+03,1.195850097656250000e+03,1.197526367187500000e+03,1.199202758789062500e+03,1.200879150390625000e+03,1.202555419921875000e+03,1.204231811523437500e+03,1.205908203125000000e+03,1.207584472656250000e+03,1.209260864257812500e+03,1.210937255859375000e+03,1.212613525390625000e+03,1.214289916992187500e+03,1.215966308593750000e+03,1.217642578125000000e+03,1.219318969726562500e+03,1.220995361328125000e+03,1.222671630859375000e+03,1.224348022460937500e+03,1.226024414062500000e+03,1.227700683593750000e+03,1.229377075195312500e+03,1.231053344726562500e+03,1.232729736328125000e+03,1.234406127929687500e+03,1.236082397460937500e+03,1.237758789062500000e+03,1.239435180664062500e+03,1.241111450195312500e+03,1.242787841796875000e+03,1.244464111328125000e+03,1.246140502929687500e+03,1.247816894531250000e+03,1.249493164062500000e+03,1.251169555664062500e+03,1.252845947265625000e+03,1.254522216796875000e+03,1.256198608398437500e+03,1.257875000000000000e+03,1.259551269531250000e+03,1.261227661132812500e+03,1.262904052734375000e+03,1.264580322265625000e+03,1.266256713867187500e+03,1.267933105468750000e+03,1.269609375000000000e+03,1.271285766601562500e+03,1.272962158203125000e+03,1.274638427734375000e+03,1.276314819335937500e+03,1.277991088867187500e+03,1.279667480468750000e+03,1.281343872070312500e+03,1.283020141601562500e+03,1.284696533203125000e+03,1.286372924804687500e+03,1.288049194335937500e+03,1.289725585937500000e+03,1.291401855468750000e+03,1.293078247070312500e+03,1.294754638671875000e+03,1.296430908203125000e+03,1.298107299804687500e+03,1.299783691406250000e+03,1.301459960937500000e+03,1.303136352539062500e+03,1.304812744140625000e+03,1.306489013671875000e+03,1.308165405273437500e+03,1.309841796875000000e+03,1.311518066406250000e+03,1.313194458007812500e+03,1.314870849609375000e+03,1.316547119140625000e+03,1.318223510742187500e+03,1.319899902343750000e+03,1.321576171875000000e+03,1.323252563476562500e+03,1.324928955078125000e+03,1.326605224609375000e+03,1.328281616210937500e+03,1.329957885742187500e+03,1.331634277343750000e+03,1.333310546875000000e+03,1.334986938476562500e+03,1.336663330078125000e+03,1.338339599609375000e+03,1.340015991210937500e+03,1.341692382812500000e+03,1.343368652343750000e+03,1.345045043945312500e+03,1.346721435546875000e+03,1.348397705078125000e+03,1.350074096679687500e+03,1.351750488281250000e+03,1.353426757812500000e+03,1.355103149414062500e+03,1.356779541015625000e+03,1.358455810546875000e+03,1.360132202148437500e+03,1.361808593750000000e+03,1.363484863281250000e+03,1.365161254882812500e+03,1.366837646484375000e+03,1.368513916015625000e+03,1.370190307617187500e+03,1.371866699218750000e+03,1.373542968750000000e+03,1.375219360351562500e+03,1.376895629882812500e+03,1.378572021484375000e+03,1.380248291015625000e+03,1.381924682617187500e+03,1.383601074218750000e+03,1.385277343750000000e+03,1.386953735351562500e+03,1.388630126953125000e+03,1.390306396484375000e+03,1.391982788085937500e+03,1.393659179687500000e+03,1.395335449218750000e+03,1.397011840820312500e+03,1.398688232421875000e+03,1.400364501953125000e+03,1.402040893554687500e+03,1.403717285156250000e+03,1.405393554687500000e+03,1.407069946289062500e+03,1.408746337890625000e+03,1.410422607421875000e+03,1.412098999023437500e+03,1.413775390625000000e+03,1.415451660156250000e+03,1.417128051757812500e+03,1.418804321289062500e+03,1.420480712890625000e+03,1.422157104492187500e+03,1.423833374023437500e+03,1.425509765625000000e+03,1.427186035156250000e+03,1.428862426757812500e+03,1.430538818359375000e+03,1.432215087890625000e+03,1.433891479492187500e+03,1.435567871093750000e+03,1.437244140625000000e+03,1.438920532226562500e+03,1.440596923828125000e+03,1.442273193359375000e+03,1.443949584960937500e+03,1.445625976562500000e+03,1.447302246093750000e+03,1.448978637695312500e+03,1.450655029296875000e+03,1.452331298828125000e+03,1.454007690429687500e+03,1.455684082031250000e+03,1.457360351562500000e+03,1.459036743164062500e+03,1.460713134765625000e+03,1.462389404296875000e+03,1.464065795898437500e+03,1.465742065429687500e+03,1.467418457031250000e+03,1.469094848632812500e+03,1.470771118164062500e+03,1.472447509765625000e+03,1.474123779296875000e+03,1.475800170898437500e+03,1.477476562500000000e+03,1.479152832031250000e+03,1.480829223632812500e+03,1.482505615234375000e+03,1.484181884765625000e+03,1.485858276367187500e+03,1.487534667968750000e+03,1.489210937500000000e+03,1.490887329101562500e+03,1.492563720703125000e+03,1.494239990234375000e+03,1.495916381835937500e+03,1.497592773437500000e+03,1.499269042968750000e+03,1.500945434570312500e+03,1.502621826171875000e+03,1.504298095703125000e+03,1.505974487304687500e+03,1.507650878906250000e+03,1.509327148437500000e+03,1.511003540039062500e+03,1.512679809570312500e+03,1.514356201171875000e+03,1.516032592773437500e+03,1.517708862304687500e+03,1.519385253906250000e+03,1.521061523437500000e+03,1.522737915039062500e+03,1.524414306640625000e+03,1.526090576171875000e+03,1.527766967773437500e+03,1.529443359375000000e+03,1.531119628906250000e+03,1.532796020507812500e+03,1.534472412109375000e+03,1.536148681640625000e+03,1.537825073242187500e+03,1.539501464843750000e+03,1.541177734375000000e+03,1.542854125976562500e+03,1.544530517578125000e+03,1.546206787109375000e+03,1.547883178710937500e+03,1.549559570312500000e+03,1.551235839843750000e+03,1.552912231445312500e+03,1.554588623046875000e+03,1.556264892578125000e+03,1.557941284179687500e+03,1.559617553710937500e+03,1.561293945312500000e+03,1.562970214843750000e+03,1.564646728515625000e+03,1.566322998046875000e+03,1.567999267578125000e+03,1.569675659179687500e+03,1.571352050781250000e+03,1.573028320312500000e+03,1.574704711914062500e+03,1.576381103515625000e+03,1.578057373046875000e+03,1.579733764648437500e+03,1.581410156250000000e+03,1.583086425781250000e+03,1.584762817382812500e+03,1.586439208984375000e+03,1.588115478515625000e+03,1.589791870117187500e+03,1.591468261718750000e+03,1.593144531250000000e+03,1.594820922851562500e+03,1.596497314453125000e+03,1.598173583984375000e+03,1.599849975585937500e+03,1.601526367187500000e+03,1.603202636718750000e+03,1.604878906250000000e+03,1.606555419921875000e+03,1.608231689453125000e+03,1.609907958984375000e+03,1.611584472656250000e+03,1.613260742187500000e+03,1.614937011718750000e+03,1.616613403320312500e+03,1.618289794921875000e+03,1.619966064453125000e+03,1.621642456054687500e+03,1.623318847656250000e+03,1.624995117187500000e+03,1.626671508789062500e+03,1.628347900390625000e+03,1.630024169921875000e+03,1.631700561523437500e+03,1.633376953125000000e+03,1.635053222656250000e+03,1.636729614257812500e+03,1.638406005859375000e+03,1.640082275390625000e+03,1.641758666992187500e+03,1.643435058593750000e+03,1.645111328125000000e+03,1.646787719726562500e+03,1.648464111328125000e+03,1.650140380859375000e+03,1.651816650390625000e+03,1.653493164062500000e+03,1.655169433593750000e+03,1.656845703125000000e+03,1.658522216796875000e+03,1.660198486328125000e+03,1.661874755859375000e+03,1.663551147460937500e+03,1.665227539062500000e+03,1.666903808593750000e+03,1.668580200195312500e+03,1.670256591796875000e+03,1.671932861328125000e+03,1.673609252929687500e+03,1.675285644531250000e+03,1.676961914062500000e+03,1.678638305664062500e+03,1.680314697265625000e+03,1.681990966796875000e+03,1.683667358398437500e+03,1.685343750000000000e+03,1.687020019531250000e+03,1.688696411132812500e+03,1.690372802734375000e+03,1.692049072265625000e+03,1.693725463867187500e+03,1.695401855468750000e+03,1.697078125000000000e+03,1.698754394531250000e+03,1.700430908203125000e+03,1.702107177734375000e+03,1.703783447265625000e+03,1.705459838867187500e+03,1.707136230468750000e+03,1.708812500000000000e+03,1.710488891601562500e+03,1.712165283203125000e+03,1.713841552734375000e+03,1.715517944335937500e+03,1.717194335937500000e+03,1.718870605468750000e+03,1.720546997070312500e+03,1.722223388671875000e+03,1.723899658203125000e+03,1.725576049804687500e+03,1.727252441406250000e+03,1.728928710937500000e+03,1.730605102539062500e+03,1.732281494140625000e+03,1.733957763671875000e+03,1.735634155273437500e+03,1.737310546875000000e+03,1.738986816406250000e+03,1.740663085937500000e+03,1.742339599609375000e+03,1.744015869140625000e+03,1.745692138671875000e+03,1.747368652343750000e+03,1.749044921875000000e+03,1.750721191406250000e+03,1.752397583007812500e+03,1.754073974609375000e+03,1.755750244140625000e+03,1.757426635742187500e+03,1.759103027343750000e+03,1.760779296875000000e+03,1.762455688476562500e+03,1.764132080078125000e+03,1.765808349609375000e+03,1.767484741210937500e+03,1.769161132812500000e+03,1.770837402343750000e+03,1.772513793945312500e+03,1.774190185546875000e+03,1.775866455078125000e+03,1.777542846679687500e+03,1.779219238281250000e+03,1.780895507812500000e+03,1.782571899414062500e+03,1.784248291015625000e+03,1.785924560546875000e+03,1.787600830078125000e+03,1.789277343750000000e+03,1.790953613281250000e+03,1.792629882812500000e+03,1.794306396484375000e+03,1.795982666015625000e+03,1.797658935546875000e+03,1.799335327148437500e+03,1.801011718750000000e+03,1.802687988281250000e+03,1.804364379882812500e+03,1.806040771484375000e+03,1.807717041015625000e+03,1.809393432617187500e+03,1.811069824218750000e+03,1.812746093750000000e+03,1.814422485351562500e+03,1.816098876953125000e+03,1.817775146484375000e+03,1.819451538085937500e+03,1.821127929687500000e+03,1.822804199218750000e+03,1.824480590820312500e+03,1.826156982421875000e+03,1.827833251953125000e+03,1.829509643554687500e+03,1.831186035156250000e+03,1.832862304687500000e+03,1.834538574218750000e+03,1.836215087890625000e+03,1.837891357421875000e+03,1.839567626953125000e+03,1.841244140625000000e+03,1.842920410156250000e+03,1.844596679687500000e+03,1.846273071289062500e+03,1.847949462890625000e+03,1.849625732421875000e+03,1.851302124023437500e+03,1.852978515625000000e+03,1.854654785156250000e+03,1.856331176757812500e+03,1.858007568359375000e+03,1.859683837890625000e+03,1.861360229492187500e+03,1.863036621093750000e+03,1.864712890625000000e+03,1.866389282226562500e+03,1.868065673828125000e+03,1.869741943359375000e+03,1.871418334960937500e+03,1.873094726562500000e+03,1.874770996093750000e+03,1.876447387695312500e+03,1.878123779296875000e+03,1.879800048828125000e+03,1.881476318359375000e+03,1.883152832031250000e+03,1.884829101562500000e+03,1.886505371093750000e+03,1.888181884765625000e+03,1.889858154296875000e+03,1.891534423828125000e+03,1.893210815429687500e+03,1.894887207031250000e+03,1.896563476562500000e+03,1.898239868164062500e+03,1.899916259765625000e+03,1.901592529296875000e+03,1.903268920898437500e+03,1.904945312500000000e+03,1.906621582031250000e+03,1.908297973632812500e+03,1.909974365234375000e+03,1.911650634765625000e+03,1.913327026367187500e+03,1.915003417968750000e+03,1.916679687500000000e+03,1.918356079101562500e+03,1.920032470703125000e+03,1.921708740234375000e+03,1.923385131835937500e+03,1.925061523437500000e+03,1.926737792968750000e+03,1.928414062500000000e+03,1.930090576171875000e+03,1.931766845703125000e+03,1.933443115234375000e+03,1.935119628906250000e+03,1.936795898437500000e+03,1.938472167968750000e+03,1.940148559570312500e+03,1.941824951171875000e+03,1.943501220703125000e+03,1.945177612304687500e+03,1.946854003906250000e+03,1.948530273437500000e+03,1.950206665039062500e+03,1.951883056640625000e+03,1.953559326171875000e+03,1.955235717773437500e+03,1.956912109375000000e+03,1.958588378906250000e+03,1.960264770507812500e+03,1.961941162109375000e+03,1.963617431640625000e+03,1.965293823242187500e+03,1.966970214843750000e+03,1.968646484375000000e+03,1.970322875976562500e+03,1.971999267578125000e+03,1.973675537109375000e+03,1.975351806640625000e+03,1.977028320312500000e+03,1.978704589843750000e+03,8.149785533928532999e-12,2.171028331068858286e-12,5.001440234186915745e-12,1.056418147404869501e-11,1.123916931744517456e-11,9.788436554358792563e-12,1.525677327529617600e-11,1.232610454676708045e-11,1.183836622481448941e-11,1.397768446126379516e-11,1.080381617502013114e-11,1.060475231934310258e-11,8.935785271446672340e-12,8.242518646783825176e-12,8.605201620714986177e-12,9.245637241916959681e-12,9.798467592858628450e-12,1.061901868520953585e-11,9.317192850577526997e-12,8.873814877352614872e-12,8.016705355107234254e-12,9.026065485306933311e-12,8.326780237544184615e-12,8.861553851824410799e-12,7.333469768944222977e-12,7.119136443550777571e-12,6.281866520019274702e-12,8.063516868106468394e-12,6.510689123245816390e-12,6.558838541725897642e-12,4.988511340120460602e-12,4.964882237973311518e-12,6.320542179916177616e-12,4.637308332472445116e-12,2.190979385766067544e-12,1.754288121019742519e-12,2.007631474260085369e-12,8.723235350206748340e-13,8.708188792456994509e-13,7.285292161207657102e-13,9.462199903817469782e-13,1.506573511778075414e-12,2.314307166045859177e-12,4.348409653187612633e-12,5.945375702171018517e-12,6.783871641519167994e-12,7.034317139192891588e-12,8.916391062985251637e-12,7.563741299954074293e-12,7.679657257342320520e-12,6.968891609615557314e-12,8.204176921156047797e-12,6.563408237042489546e-12,8.663605423342435330e-12,9.950273244241358839e-12,1.050510893552125680e-11,1.139966853552776271e-11,1.207354181909092716e-11,1.138228140212804718e-11,1.078018663919211306e-11,1.075232264335923560e-11,1.151068042964942251e-11,1.081741380498657534e-11,1.105793928646292557e-11,1.069280428089847135e-11,1.114755163178493547e-11,1.195673421383602886e-11,1.212927067811842008e-11,1.373760480372077097e-11,1.174541019999253422e-11,1.242797705025555643e-11,1.166204025709882686e-11,1.230425917403410452e-11,1.421063093587360271e-11,1.139476447226117628e-11,1.281250626428143136e-11,1.360875995226606960e-11,1.301446710816334118e-11,1.386355179960885309e-11,1.258780753243815553e-11,1.319280015094070890e-11,1.337090941438967562e-11,1.275967526082055770e-11,1.331094522799558533e-11,1.289832823880843193e-11,1.326747652713455849e-11,1.370773460018792633e-11,1.186756769244734500e-11,1.154612429971058063e-11,1.172579394692618848e-11,1.204032706869639924e-11,1.131050201413907885e-11,1.264933210259888696e-11,1.432810814439022806e-11,1.439810336928415424e-11,1.513729072644132145e-11,1.393332497989785423e-11,1.337313853405630582e-11,1.296498065156415080e-11,1.344469414271687313e-11,1.344603161451685125e-11,1.361277236766600396e-11,1.349841679404439887e-11,1.388250018413694775e-11,1.368009264895997390e-11,1.407621328525232585e-11,1.326190372796798300e-11,1.345160441368342674e-11,1.461388475509917129e-11,1.238183340579457337e-11,1.211299810455201964e-11,1.337938006912287037e-11,1.377237993788194004e-11,1.374184013108736835e-11,1.498838206326347233e-11,1.358892078723306085e-11,1.266359846846532022e-11,1.426992725372944193e-11,1.337648221355625111e-11,1.440144704878409954e-11,1.487692434520848650e-11,1.428307905976256009e-11,1.408490685195218362e-11,1.470082215682122495e-11,1.369770269432635246e-11,1.378508591998173216e-11,1.401268250739162724e-11,1.501736235365314087e-11,1.487781599307513858e-11,1.475030861342041533e-11,1.466158791596505750e-11,1.457153148143319754e-11,1.368744874385985355e-11,1.376056560364879999e-11,1.298682602429712674e-11,1.418254402807406223e-11,1.421330674683529693e-11,1.457286895323317566e-11,1.539810119688400647e-11,1.366382007539357346e-11,1.319302306290737192e-11,1.267496697876513423e-11,1.268968003592663152e-11,1.212169167125187741e-11,1.038049941143315280e-11,1.190724688987510049e-11,1.125655731820662808e-11,1.300242986196353812e-11,1.266426720436530928e-11,1.029623782067279336e-11,1.049663828078806205e-11,1.083212599478633464e-11,1.208825400889068646e-11,1.426479941113445449e-11,1.299173008756371317e-11,1.469770138928794267e-11,1.358892078723306085e-11,1.479801350900977752e-11,1.377215702591527702e-11,1.315111474581298623e-11,1.371040954378788257e-11,1.275254207788734107e-11,1.342463206571720136e-11,1.428263323582923405e-11,1.279132962744844448e-11,1.315713336891288776e-11,1.308401737648567931e-11,1.293778452426952441e-11,1.315334386547961643e-11,1.440924896761730523e-11,1.404901802531943744e-11,1.389587490213672893e-11,1.449819257703932607e-11,1.396720759883063323e-11,1.414620851014625202e-11,1.260965290517113147e-11,1.371330739935450183e-11,1.368834039172650563e-11,1.432654776062358692e-11,1.196186118906927831e-11,1.265780275733208171e-11,1.304901933035784722e-11,1.196832563610250588e-11,1.258780753243815553e-11,1.307197926292413825e-11,1.225856135350644749e-11,1.317095391084599498e-11,1.185352423854757475e-11,1.472266752955420088e-11,1.415601750404116288e-11,1.306261696032429143e-11,1.311232719625188281e-11,1.381919231824291217e-11,1.455681929163343824e-11,1.375454611318716047e-11,1.356841201893832505e-11,1.294647809096938218e-11,1.325499345700142939e-11,1.250666670921107837e-11,1.333568845629518052e-11,1.475432102882034968e-11,1.379088163111497067e-11,1.416426524680769461e-11,1.357041822663829223e-11,1.381674028660961895e-11,1.280604181724820378e-11,1.438227661965107984e-11,1.262927002559921519e-11,1.219034942434582547e-11,1.266805670779858062e-11,1.262414305036596573e-11,1.111701182499036378e-11,1.425075595723468425e-11,1.302472192599157808e-11,1.344892947008347051e-11,1.320037915780725157e-11,1.246988536734994213e-11,1.392284725010295432e-11,1.292485563020306927e-11,1.407197795788572847e-11,1.381473407890965177e-11,1.279088380351511844e-11,1.176480354109221693e-11,1.054746307654896853e-11,1.092040086830836643e-11,1.192441111130815301e-11,1.118945908151758317e-11,1.066271029803722570e-11,1.089142144528043588e-11,1.156908423227687166e-11,1.204835189949626795e-11,1.195071559073612733e-11,1.157443411947678413e-11,1.109405189242407275e-11,1.083078852298635653e-11,9.236274939317112853e-12,9.722007920931474700e-12,9.665610326003992725e-12,9.739840878264516277e-12,1.168187942213183561e-11,1.153274871434906146e-11,1.266872544369856968e-11,1.055125257998223987e-11,1.078932602982529687e-11,9.895658945047181021e-12,9.322319825810776450e-12,9.622364537109628913e-12,1.091817174864173623e-11,1.015959018302314831e-11,1.101580805740187685e-11,1.069124389713183021e-11,1.165869657759888156e-11,1.164420643240404729e-11,9.992180693974006545e-12,1.100689157873535606e-11,1.176413480519222787e-11,1.149329329624970697e-11,1.171331087679305938e-11,1.199975709076372965e-11,1.230626538173407170e-11,1.243399567335545797e-11,1.190501777020847030e-11,1.023761110607868119e-11,1.070818520659821971e-11,1.215646593805130848e-11,1.156819258441021958e-11,1.142552719102241099e-11,1.087381139991405732e-11,1.131184035330079496e-11,9.856202659586088544e-12,9.918173053680146012e-12,1.030337100360600999e-11,9.193474974356075080e-12,9.211531711017517665e-12,8.596285142048465389e-12,9.125485957162116080e-12,1.086801568878081881e-11,1.100599993086870398e-11,1.059160051330998442e-11,1.108401998656249887e-11,9.918841789580135071e-12,9.991066134140691446e-12,9.790888585992085780e-12,1.016159639072311549e-11,1.029735238050610846e-11,9.725128688464756976e-12,1.061166259030965620e-11,1.013217201112359689e-11,1.101491640953522477e-11,1.185018055904762946e-11,1.102383288820174556e-11,1.014643837699003015e-11,1.006039262313462856e-11,1.030827506687259643e-11,1.153029668271576824e-11,1.212971650205174612e-11,1.186734478048068198e-11,1.155838445787704671e-11,1.185909703771415025e-11,1.086155124174759123e-11,1.029200249330619599e-11,1.049596954488807299e-11,1.058847974577670215e-11,9.870246113485858785e-12,1.077505966395886361e-11,1.049842157652136621e-11,1.156663220064357844e-11,1.105526434286296933e-11,1.189922205907523178e-11,1.067140386473708347e-11,9.743853293664450632e-12,9.855979747619425524e-12,1.039275956959961889e-11,1.064264822103755392e-11,1.246475839211669268e-11,1.268745091626000132e-11,1.226859239200628338e-11,1.245383570575020471e-11,1.248348299731638633e-11,1.215334517051802621e-11,1.180425982655330941e-11,1.216426785688451417e-11,1.120840746604567784e-11,1.086467200928087351e-11,1.106752450102943541e-11,1.086979898451412296e-11,1.037292040456661013e-11,1.061857286127620981e-11,1.085196515981934340e-11,1.176413480519222787e-11,1.174585602392586026e-11,1.125611149427330204e-11,1.129422944057267841e-11,1.113997175755665481e-11,1.092998608287487627e-11,1.135553109876674682e-11,1.097902758290247860e-11,1.010542170776229653e-11,9.012022031407163070e-12,8.460306240298809399e-12,9.180546080289619937e-12,9.640420406409333509e-12,9.816523462158333047e-12,1.021754816171727143e-11,1.041349124986101771e-11,1.033234955927220255e-11,1.023515907444538797e-11,1.067875995963696312e-11,1.090970022654680349e-11,1.114353921638500111e-11,1.101959756083514819e-11,1.067675375193699594e-11,9.913937726313548637e-12,1.068076616733693029e-11,1.093332976237482157e-11,1.031072709850588964e-11,9.501098692521470213e-12,1.057532793974358398e-11,1.034282642170536448e-11,1.000800831096881893e-11,1.083925917771955127e-11,1.118254881055102956e-11,1.109538936422405087e-11,1.083992791361954033e-11,1.057621958761023606e-11,1.026926460534482999e-11,1.082008874858653158e-11,1.079333844522523123e-11,1.104991445566305686e-11,1.145940980995518998e-11,1.122579459944539337e-11,1.146275348945513528e-11,1.203676047722979092e-11,1.138763128932795965e-11,1.069146680909849323e-11,1.081808254088656440e-11,1.108000757116256452e-11,1.088072167088061093e-11,1.075299137925922466e-11,1.086088250584760218e-11,1.071398091773145822e-11,9.783755403058869149e-12,1.011077159496220901e-11,1.021754816171727143e-11,9.984824599074126894e-12,9.666947797803970843e-12,1.024741923261185406e-11,1.001603314176868764e-11,9.794901001392020135e-12,9.816969286091659086e-12,9.798690504825291470e-12,9.337032882972273740e-12,9.126154693062105139e-12,9.600518297014914992e-12,9.904352511747038790e-12,1.028843503447784968e-11,1.062838098780938267e-11,1.077572839985885267e-11,1.045116337222706804e-11,1.036378101393342632e-11,1.014487799322338901e-11,1.021643360188395633e-11,9.680991251703741085e-12,9.572877213148700548e-12,1.017251907708960346e-11,1.002138302896860012e-11,1.052071364054940616e-11,1.070684773479824159e-11,1.065557711510400907e-11,9.807606983491812258e-12,9.554152607949006892e-12,9.357540783905271553e-12,9.310505491577636406e-12,8.944478838146530109e-12,9.115009094728954153e-12,9.175196193089707464e-12,9.217773246084082217e-12,9.532306367854292972e-12,9.568641885782103174e-12,9.134402435828636868e-12,8.850185341524596794e-12,8.891647834685656449e-12,8.970113714312777375e-12,9.269489689711640779e-12,9.398557453133005168e-12,9.292672534244594829e-12,9.275508312811542311e-12,9.477469156693452135e-12,9.137523203361919144e-12,8.977023985279330986e-12,8.595393494181813310e-12,8.819646402091763093e-12,9.044345133935038916e-12,9.179431520456304838e-12,9.461642407060377735e-12,9.190800030756118844e-12,8.628607377214603247e-12,8.480369184660219162e-12,8.029634249173689398e-12,8.289330159783059315e-12,8.483712864160164457e-12,8.487948191526761832e-12,8.427761093166008521e-12,8.202839449356069679e-12,8.365121963171961994e-12,8.723569609736525621e-12,9.028071693006900489e-12,9.175864928989696523e-12,9.116123654562269252e-12,9.174081633256392365e-12,9.181214816189608996e-12,8.495304286426641482e-12,8.330346829010792931e-12,8.371363498238526546e-12,8.429321476932649659e-12,8.356651308438767245e-12,7.958524464446448121e-12,8.108768864700799384e-12,8.038327815873547166e-12,7.741404739469714968e-12,7.929099217485191531e-12,7.881841013190893364e-12,7.954288269718112758e-12,7.733379908669846259e-12,7.449385726332469204e-12,7.939576079918353457e-12,8.225130646022371650e-12,8.251435125450345964e-12,8.216437079322513881e-12,8.279967857183212487e-12,8.190356379222940575e-12,8.111889632234081660e-12,7.985719724379336526e-12,7.973905390146196481e-12,7.775064446435830945e-12,7.815635291730238521e-12,7.829232921696682723e-12,7.850856249824733624e-12,7.767485439569288275e-12,7.595171887253560072e-12,7.547690770992598885e-12,7.568868275187323746e-12,7.529634901692894289e-12,7.207410883391940359e-12,7.181441205594829569e-12,7.064522144356599753e-12,7.171744535044988211e-12,7.254557631702907017e-12,7.514922711893134988e-12,7.555938513759130615e-12,7.417731359704582417e-12,7.298694634783053914e-12,7.413496032337985042e-12,7.540111764126056215e-12,7.294236395449793520e-12
1.150590576171875000e+03,1.152266845703125000e+03,1.153943237304687500e+03,1.155619628906250000e+03,1.157296020507812500e+03,1.158972412109375000e+03,1.160648803710937500e+03,1.162325195312500000e+03,1.164001586914062500e+03,1.165677978515625000e+03,1.167354370117187500e+03,1.169030639648437500e+03,1.170707031250000000e+03,1.172383422851562500e+03,1.174059814453125000e+03,1.175736206054687500e+03,1.177412597656250000e+03,1.179088989257812500e+03,1.180765380859375000e+03,1.182441772460937500e+03,1.184118164062500000e+03,1.185794433593750000e+03,1.187470825195312500e+03,1.189147216796875000e+03,1.190823608398437500e+03,1.192500000000000000e+03,1.194176391601562500e+03,1.195852783203125000e+03,1.197529174804687500e+03,1.199205566406250000e+03,1.200881835937500000e+03,1.202558227539062500e+03,1.204234619140625000e+03,1.205911010742187500e+03,1.207587402343750000e+03,1.209263793945312500e+03,1.210940185546875000e+03,1.212616577148437500e+03,1.214292968750000000e+03,1.215969238281250000e+03,1.217645629882812500e+03,1.219322021484375000e+03,1.220998413085937500e+03,1.222674804687500000e+03,1.224351196289062500e+03,1.226027587890625000e+03,1.227703979492187500e+03,1.229380371093750000e+03,1.231056640625000000e+03,1.232733032226562500e+03,1.234409423828125000e+03,1.236085815429687500e+03,1.237762207031250000e+03,1.239438598632812500e+03,1.241114990234375000e+03,1.242791381835937500e+03,1.244467773437500000e+03,1.246144042968750000e+03,1.247820556640625000e+03,1.249496826171875000e+03,1.251173217773437500e+03,1.252849609375000000e+03,1.254526000976562500e+03,1.256202392578125000e+03,1.257878784179687500e+03,1.259555175781250000e+03,1.261231567382812500e+03,1.262907958984375000e+03,1.264584228515625000e+03,1.266260620117187500e+03,1.267937011718750000e+03,1.269613403320312500e+03,1.271289794921875000e+03,1.272966186523437500e+03,1.274642578125000000e+03,1.276318969726562500e+03,1.277995361328125000e+03,1.279671630859375000e+03,1.281348022460937500e+03,1.283024414062500000e+03,1.284700805664062500e+03,1.286377197265625000e+03,1.288053588867187500e+03,1.289729980468750000e+03,1.291406372070312500e+03,1.293082763671875000e+03,1.294759033203125000e+03,1.296435424804687500e+03,1.298111816406250000e+03,1.299788208007812500e+03,1.301464599609375000e+03,1.303140991210937500e+03,1.304817382812500000e+03,1.306493774414062500e+03,1.308170166015625000e+03,1.309846435546875000e+03,1.311522949218750000e+03,1.313199218750000000e+03,1.314875610351562500e+03,1.316552001953125000e+03,1.318228393554687500e+03,1.319904785156250000e+03,1.321581176757812500e+03,1.323257568359375000e+03,1.324933837890625000e+03,1.326610351562500000e+03,1.328286621093750000e+03,1.329963012695312500e+03,1.331639404296875000e+03,1.333315795898437500e+03,1.334992187500000000e+03,1.336668579101562500e+03,1.338344970703125000e+03,1.340021240234375000e+03,1.341697753906250000e+03,1.343374023437500000e+03,1.345050415039062500e+03,1.346726806640625000e+03,1.348403198242187500e+03,1.350079589843750000e+03,1.351755981445312500e+03,1.353432373046875000e+03,1.355108764648437500e+03,1.356785156250000000e+03,1.358461425781250000e+03,1.360137817382812500e+03,1.361814208984375000e+03,1.363490600585937500e+03,1.365166992187500000e+03,1.366843383789062500e+03,1.368519775390625000e+03,1.370196166992187500e+03,1.371872558593750000e+03,1.373548828125000000e+03,1.375225219726562500e+03,1.376901611328125000e+03,1.378578002929687500e+03,1.380254394531250000e+03,1.381930786132812500e+03,1.383607177734375000e+03,1.385283569335937500e+03,1.386959960937500000e+03,1.388636230468750000e+03,1.390312744140625000e+03,1.391989013671875000e+03,1.393665405273437500e+03,1.395341796875000000e+03,1.397018188476562500e+03,1.398694580078125000e+03,1.400370971679687500e+03,1.402047363281250000e+03,1.403723632812500000e+03,1.405400146484375000e+03,1.407076416015625000e+03,1.408752807617187500e+03,1.410429199218750000e+03,1.412105590820312500e+03,1.413781982421875000e+03,1.415458374023437500e+03,1.417134765625000000e+03,1.418811035156250000e+03,1.420487548828125000e+03,1.422163818359375000e+03,1.423840209960937500e+03,1.425516601562500000e+03,1.427192993164062500e+03,1.428869384765625000e+03,1.430545776367187500e+03,1.432222167968750000e+03,1.433898437500000000e+03,1.435574951171875000e+03,1.437251220703125000e+03,1.438927612304687500e+03,1.440604003906250000e+03,1.442280395507812500e+03,1.443956787109375000e+03,1.445633178710937500e+03,1.447309570312500000e+03,1.448985961914062500e+03,1.450662353515625000e+03,1.452338623046875000e+03,1.454015014648437500e+03,1.455691406250000000e+03,1.457367797851562500e+03,1.459044189453125000e+03,1.460720581054687500e+03,1.462396972656250000e+03,1.464073364257812500e+03,1.465749755859375000e+03,1.467426025390625000e+03,1.469102539062500000e+03,1.470778808593750000e+03,1.472455200195312500e+03,1.474131591796875000e+03,1.475807983398437500e+03,1.477484375000000000e+03,1.479160766601562500e+03,1.480837158203125000e+03,1.482513427734375000e+03,1.484189941406250000e+03,1.485866210937500000e+03,1.487542602539062500e+03,1.489218994140625000e+03,1.490895385742187500e+03,1.492571777343750000e+03,1.494248168945312500e+03,1.495924560546875000e+03,1.497600830078125000e+03,1.499277343750000000e+03,1.500953613281250000e+03,1.502630004882812500e+03,1.504306396484375000e+03,1.505982788085937500e+03,1.507659179687500000e+03,1.509335571289062500e+03,1.511011962890625000e+03,1.512688232421875000e+03,1.514364746093750000e+03,1.516041015625000000e+03,1.517717407226562500e+03,1.519393798828125000e+03,1.521070190429687500e+03,1.522746582031250000e+03,1.524422973632812500e+03,1.526099365234375000e+03,1.527775756835937500e+03,1.529452148437500000e+03,1.531128417968750000e+03,1.532804809570312500e+03,1.534481201171875000e+03,1.536157592773437500e+03,1.537833984375000000e+03,1.539510375976562500e+03,1.541186767578125000e+03,1.542863159179687500e+03,1.544539550781250000e+03,1.546215820312500000e+03,1.547892333984375000e+03,1.549568603515625000e+03,1.551244995117187500e+03,1.552921386718750000e+03,1.554597778320312500e+03,1.556274169921875000e+03,1.557950561523437500e+03,1.559626953125000000e+03,1.561303222656250000e+03,1.562979736328125000e+03,1.564656005859375000e+03,1.566332397460937500e+03,1.568008789062500000e+03,1.569685180664062500e+03,1.571361572265625000e+03,1.573037963867187500e+03,1.574714355468750000e+03,1.576390625000000000e+03,1.578067138671875000e+03,1.579743408203125000e+03,1.581419921875000000e+03,1.583096191406250000e+03,1.584772583007812500e+03,1.586448974609375000e+03,1.588125366210937500e+03,1.589801757812500000e+03,1.591478027343750000e+03,1.593154541015625000e+03,1.594830810546875000e+03,1.596507324218750000e+03,1.598183593750000000e+03,1.599859985351562500e+03,1.601536376953125000e+03,1.603212768554687500e+03,1.604889160156250000e+03,1.606565429687500000e+03,1.608241943359375000e+03,1.609918212890625000e+03,1.611594726562500000e+03,1.613270996093750000e+03,1.614947387695312500e+03,1.616623779296875000e+03,1.618300170898437500e+03,1.619976562500000000e+03,1.621652832031250000e+03,1.623329345703125000e+03,1.625005615234375000e+03,1.626682128906250000e+03,1.628358398437500000e+03,1.630034790039062500e+03,1.631711181640625000e+03,1.633387573242187500e+03,1.635063964843750000e+03,1.636740234375000000e+03,1.638416748046875000e+03,1.640093017578125000e+03,1.641769531250000000e+03,1.643445800781250000e+03,1.645122192382812500e+03,1.646798583984375000e+03,1.648474975585937500e+03,1.650151367187500000e+03,1.651827758789062500e+03,1.653504150390625000e+03,1.655180419921875000e+03,1.656856933593750000e+03,1.658533203125000000e+03,1.660209716796875000e+03,1.661885986328125000e+03,1.663562377929687500e+03,1.665238769531250000e+03,1.666915161132812500e+03,1.668591552734375000e+03,1.670267822265625000e+03,1.671944335937500000e+03,1.673620605468750000e+03,1.675297119140625000e+03,1.676973388671875000e+03,1.678649780273437500e+03,1.680326171875000000e+03,1.682002563476562500e+03,1.683678955078125000e+03,1.685355224609375000e+03,1.687031738281250000e+03,1.688708007812500000e+03,1.690384521484375000e+03,1.692060791015625000e+03,1.693737182617187500e+03,1.695413574218750000e+03,1.697089965820312500e+03,1.698766357421875000e+03,1.700442626953125000e+03,1.702119140625000000e+03,1.703795410156250000e+03,1.705471923828125000e+03,1.707148193359375000e+03,1.708824584960937500e+03,1.710500976562500000e+03,1.712177368164062500e+03,1.713853759765625000e+03,1.715530029296875000e+03,1.717206542968750000e+03,1.718882812500000000e+03,1.720559326171875000e+03,1.722235595703125000e+03,1.723911987304687500e+03,1.725588378906250000e+03,1.727264770507812500e+03,1.728941162109375000e+03,1.730617553710937500e+03,1.732293945312500000e+03,1.733970214843750000e+03,1.735646728515625000e+03,1.737322998046875000e+03,1.738999511718750000e+03,1.740675781250000000e+03,1.742352172851562500e+03,1.744028564453125000e+03,1.745704956054687500e+03,1.747381347656250000e+03,1.749057617187500000e+03,1.750734130859375000e+03,1.752410400390625000e+03,1.754086914062500000e+03,1.755763183593750000e+03,1.757439575195312500e+03,1.759115966796875000e+03,1.760792358398437500e+03,1.762468750000000000e+03,1.764145019531250000e+03,1.765821533203125000e+03,1.767497802734375000e+03,1.769174316406250000e+03,1.770850585937500000e+03,1.772526977539062500e+03,1.774203369140625000e+03,1.775879760742187500e+03,1.777556152343750000e+03,1.779232421875000000e+03,1.780908935546875000e+03,1.782585205078125000e+03,1.784261718750000000e+03,1.785937988281250000e+03,1.787614379882812500e+03,1.789290771484375000e+03,1.790967163085937500e+03,1.792643554687500000e+03,1.794319824218750000e+03,1.795996337890625000e+03,1.797672607421875000e+03,1.799349121093750000e+03,1.801025390625000000e+03,1.802701782226562500e+03,1.804378173828125000e+03,1.806054565429687500e+03,1.807730957031250000e+03,1.809407348632812500e+03,1.811083740234375000e+03,1.812760009765625000e+03,1.814436523437500000e+03,1.816112792968750000e+03,1.817789184570312500e+03,1.819465576171875000e+03,1.821141967773437500e+03,1.822818359375000000e+03,1.824494750976562500e+03,1.826171142578125000e+03,1.827847412109375000e+03,1.829523925781250000e+03,1.831200195312500000e+03,1.832876708984375000e+03,1.834552978515625000e+03,1.836229370117187500e+03,1.837905761718750000e+03,1.839582153320312500e+03,1.841258544921875000e+03,1.842934814453125000e+03,1.844611328125000000e+03,1.846287597656250000e+03,1.847964111328125000e+03,1.849640380859375000e+03,1.851316772460937500e+03,1.852993164062500000e+03,1.854669555664062500e+03,1.856345947265625000e+03,1.858022216796875000e+03,1.859698730468750000e+03,1.861375000000000000e+03,1.863051513671875000e+03,1.864727783203125000e+03,1.866404174804687500e+03,1.868080566406250000e+03,1.869756958007812500e+03,1.871433349609375000e+03,1.873109619140625000e+03,1.874786132812500000e+03,1.876462402343750000e+03,1.878138916015625000e+03,1.879815185546875000e+03,1.881491577148437500e+03,1.883167968750000000e+03,1.884844360351562500e+03,1.886520751953125000e+03,1.888197143554687500e+03,1.889873535156250000e+03,1.891549804687500000e+03,1.893226318359375000e+03,1.894902587890625000e+03,1.896578979492187500e+03,1.898255371093750000e+03,1.899931762695312500e+03,1.901608154296875000e+03,1.903284545898437500e+03,1.904960937500000000e+03,1.906637207031250000e+03,1.908313720703125000e+03,1.909989990234375000e+03,1.911666503906250000e+03,1.913342773437500000e+03,1.915019165039062500e+03,1.916695556640625000e+03,1.918371948242187500e+03,1.920048339843750000e+03,1.921724609375000000e+03,1.923401123046875000e+03,1.925077392578125000e+03,1.926753906250000000e+03,1.928430175781250000e+03,1.930106567382812500e+03,1.931782958984375000e+03,1.933459350585937500e+03,1.935135742187500000e+03,1.936812011718750000e+03,1.938488525390625000e+03,1.940164794921875000e+03,1.941841308593750000e+03,1.943517578125000000e+03,1.945193969726562500e+03,1.946870361328125000e+03,1.948546752929687500e+03,1.950223144531250000e+03,1.951899414062500000e+03,1.953575927734375000e+03,1.955252197265625000e+03,1.956928710937500000e+03,1.958604980468750000e+03,1.960281372070312500e+03,1.961957763671875000e+03,1.963634155273437500e+03,1.965310546875000000e+03,1.966986938476562500e+03,1.968663330078125000e+03,1.970339599609375000e+03,1.972016113281250000e+03,1.973692382812500000e+03,1.975368774414062500e+03,1.977045166015625000e+03,1.978721557617187500e+03,8.045015174873437758e-12,8.152683389495152255e-12,8.066860547606413689e-12,8.055492037306599684e-12,8.735161032003002646e-12,9.540554110620824702e-12,9.514696322487914415e-12,1.005950097526797649e-11,1.203965833279641018e-11,1.187938202668048504e-11,9.545681085854074155e-12,9.860437986952685918e-12,9.413715466866090509e-12,9.771271465564002057e-12,7.589599088086984580e-12,7.143880105531241753e-12,8.876043997019245069e-12,1.001112907850210121e-11,9.683889107270360341e-12,9.459413287393747538e-12,8.534314747954407920e-12,8.747867014102794769e-12,9.499761220721492094e-12,9.167394274256501774e-12,7.172747638894971800e-12,6.887750352707611157e-12,6.695931569627999735e-12,6.572993885289868388e-12,5.941586198737747182e-12,5.204850873213873186e-12,4.359667141184964123e-12,4.895332837012711380e-12,5.224021302346892881e-12,4.035882305436500062e-12,2.969009586795134936e-12,2.092840874559631636e-12,1.093817744712843876e-12,1.092396680925367125e-12,7.389086629887298141e-13,7.291422240290890144e-13,7.152100092722157854e-13,1.278726039985467189e-12,2.074394475637397761e-12,3.284769374903295791e-12,4.659042249222089538e-12,5.776963109271893160e-12,6.903800014307348576e-12,7.785987132802318911e-12,7.998425706479128650e-12,7.845729274591484170e-12,7.056051489623405004e-12,7.209305635108576027e-12,7.005895429762487581e-12,7.894546995290685487e-12,9.092939942667577213e-12,1.081407012548663005e-11,1.192017578394155564e-11,1.158647136567658720e-11,1.236533792026150991e-11,1.125521984640664996e-11,1.034973756003365608e-11,1.090435033934689102e-11,1.092686531534159400e-11,1.075187681942590956e-11,1.071420382969812124e-11,9.968106201574400416e-12,1.026592092584488469e-11,1.081496177335328213e-11,1.309605462268548237e-11,1.214821819528477675e-11,1.297657207383062783e-11,1.220216375857896551e-11,1.203542300542981280e-11,1.273493203252096251e-11,1.195272179843609450e-11,1.177884786235372516e-11,1.293800743623618743e-11,1.241616271602241639e-11,1.226770074413963130e-11,1.271576073602620482e-11,1.309092764745223292e-11,1.278843090452008724e-11,1.279467330694838978e-11,1.289141796784187832e-11,1.336667408702307824e-11,1.361032033603271074e-11,1.246030015278343228e-11,1.219057233631248849e-11,1.208201247382412191e-11,1.157465703144344715e-11,1.080738276648673946e-11,1.036511848573340444e-11,1.126881747637309417e-11,1.280849384888149700e-11,1.414710015801290410e-11,1.424339986233480460e-11,1.361388692749931906e-11,1.367385111389340935e-11,1.311121263641856771e-11,1.322735150577347696e-11,1.247991640584977802e-11,1.221576138854540972e-11,1.315044600991299717e-11,1.373537568405414078e-11,1.395673073639747130e-11,1.420149154524041890e-11,1.384148351490921414e-11,1.370773460018792633e-11,1.419881660164046266e-11,1.334282163922839715e-11,1.216939569947950162e-11,1.275945234885389468e-11,1.251045621264434970e-11,1.279601077874836790e-11,1.355771224453850010e-11,1.316315199201278929e-11,1.323337012887337849e-11,1.262971584953254123e-11,1.367229073012676821e-11,1.288450769687532471e-11,1.361165780783268886e-11,1.348169839654467239e-11,1.441771962235049998e-11,1.315980831251284400e-11,1.263439700083246464e-11,1.383390450804267147e-11,1.378909833538166652e-11,1.344937529401679654e-11,1.485597062034216265e-11,1.539141383788411588e-11,1.472489664922083108e-11,1.429489339399570014e-11,1.290278647814169233e-11,1.232008592366717892e-11,1.351357480777748421e-11,1.404567434581949215e-11,1.318878773554077455e-11,1.360942868816605866e-11,1.489609650906498217e-11,1.409181712291873723e-11,1.345383353335005694e-11,1.241928348355569867e-11,1.315111474581298623e-11,1.274028191972087498e-11,1.172044405972627601e-11,1.048437812262159596e-11,1.059316089707662556e-11,1.228040759360116141e-11,1.254879707091038910e-11,1.261990772299936836e-11,1.076837230495897302e-11,1.126190720540654056e-11,1.206039001305780900e-11,1.161099254937125735e-11,1.283279125324776615e-11,1.302717395762487129e-11,1.376457801904873435e-11,1.404255357828620987e-11,1.357710558563818282e-11,1.183056430598128372e-11,1.193087555834138058e-11,1.318544318867909126e-11,1.273805280005424478e-11,1.254946580681037815e-11,1.313216722864662955e-11,1.225432602613985011e-11,1.216538328407956726e-11,1.286511435577564200e-11,1.430380987266222093e-11,1.448882940707774125e-11,1.387001711400381865e-11,1.341549267508401755e-11,1.346163545218326263e-11,1.336734282292306730e-11,1.264799463079890884e-11,1.289297835160851946e-11,1.381696319857628197e-11,1.331740967502881290e-11,1.265066957439886508e-11,1.324384699130654042e-11,1.262258266659932460e-11,1.236110259289491253e-11,1.308602358418564648e-11,1.267452115483180819e-11,1.249886392301613469e-11,1.249685771531616751e-11,1.299663415083029960e-11,1.347255900591148858e-11,1.355860389240515218e-11,1.258424094097154722e-11,1.294335732343609990e-11,1.425521419656794464e-11,1.265356742996548434e-11,1.324184078360657324e-11,1.344959820598345956e-11,1.269302371542657681e-11,1.382677132510945484e-11,1.344201919911691689e-11,1.312971432965159835e-11,1.284549723534755827e-11,1.288651390457529189e-11,1.349975426584437699e-11,1.353475231197220907e-11,1.426301611540115033e-11,1.288874302424192209e-11,1.311522505181850207e-11,1.257264951870507019e-11,1.349707932224442075e-11,1.248994744434961390e-11,1.212793320631844196e-11,1.137849189869477584e-11,1.191549463264163222e-11,1.275655449328727542e-11,1.406796554248579412e-11,1.328285745283430686e-11,1.265156122226551716e-11,1.343533184011702630e-11,1.289520747127514966e-11,1.315936248857951796e-11,1.321197058007372860e-11,1.347077484281644644e-11,1.337581347765626205e-11,1.258647006063817742e-11,1.130804998250578564e-11,1.104701660009643760e-11,1.142641883888906307e-11,1.107064526856271769e-11,1.018388845475115545e-11,1.004679499316818436e-11,1.000377211624048357e-11,1.104746242402976364e-11,1.187536961128055069e-11,1.154032858857734212e-11,1.086288871354756935e-11,1.034371806957201656e-11,1.001358111013539443e-11,9.065298858801362769e-12,8.967438770712821139e-12,8.852860285124553030e-12,9.651566004742484495e-12,1.072490360409794619e-11,1.188384113337548342e-11,1.170060402733152927e-11,1.082410116398646593e-11,9.758119659530883894e-12,9.547910205520704352e-12,9.482819043893364608e-12,1.007666606406276699e-11,1.031897484127242137e-11,9.853750627952795327e-12,1.071286635789814312e-11,1.117118030025121556e-11,1.117608436351780199e-11,1.102784617096341790e-11,1.112459083185690645e-11,1.121866141651217674e-11,1.148950379281643563e-11,1.093912547350806008e-11,1.145963272192185300e-11,1.167496915116528200e-11,1.164063984093743898e-11,1.182454568288138219e-11,1.162815677080430987e-11,1.128352966617285347e-11,1.109293733259075765e-11,1.157487994341011017e-11,1.081652215711992326e-11,1.128330675420619045e-11,1.092864861107489816e-11,1.025031708817847331e-11,1.057733414744355116e-11,1.027862690794467682e-11,9.485271075526657825e-12,8.785985827763909128e-12,9.097621961329238616e-12,8.799806369697016351e-12,9.377602860904943327e-12,1.023292995477875778e-11,1.058825683381003913e-11,1.056150653044873877e-11,1.112615121562354759e-11,1.084081956148619241e-11,1.044090942176056913e-11,9.936897658879839668e-12,9.528739776387684657e-12,9.385405647099887005e-12,9.571985565282048469e-12,1.034015147810540824e-11,9.781526283392238952e-12,1.098972735730230355e-11,1.118722996185095298e-11,1.090457325131355404e-11,1.001870808536864388e-11,9.746305325297743849e-12,1.039588033713290116e-11,1.117764474728444313e-11,1.223582433290681948e-11,1.189231178810867817e-11,1.161567370067118077e-11,1.081763671695323836e-11,1.110252254715726750e-11,1.002093720503527408e-11,9.046351341635006094e-12,9.544120702087433017e-12,1.051536288598775570e-11,1.057577376367691002e-11,1.074541237239268199e-11,1.171843785202630883e-11,1.081563050925327119e-11,1.136511631333325667e-11,9.798467592858628450e-12,9.491735522559885396e-12,1.024117769754528950e-11,1.069726252023173174e-11,1.131273200116744704e-11,1.139498738422783930e-11,1.177372088712047571e-11,1.186221780524743252e-11,1.170015820339820323e-11,1.164777302387065561e-11,1.085263389571933246e-11,1.022646464038379222e-11,1.065401673133736793e-11,1.104055215306321003e-11,1.082164913235317272e-11,1.066627688950383401e-11,1.024541302491188688e-11,1.027037916517814509e-11,1.021487321811731519e-11,1.093823382564140800e-11,1.077862625542547192e-11,1.095071689577453711e-11,1.038027649946648978e-11,1.066003535443726946e-11,1.056106070651541273e-11,1.051380250222111457e-11,1.010943412316223089e-11,9.730255663698006430e-12,9.492850082393200495e-12,9.086029671701023602e-12,8.916836886918577676e-12,9.172298337523088207e-12,9.344834801805479430e-12,9.467661030160279267e-12,1.018344263081782941e-11,1.023270704281209476e-11,1.023003123185040053e-11,1.000912287080213403e-11,1.060876473474303694e-11,1.012169514869043496e-11,1.033881400630543013e-11,1.013038871539029273e-11,9.703951184270032115e-12,9.263247287283338238e-12,1.001647896570201368e-11,1.020996915485072876e-11,1.014576964109004109e-11,9.789105290258781622e-12,9.165610978523197616e-12,9.170960865723110089e-12,9.777068044058978558e-12,1.028107893957797003e-11,1.100533119496871493e-11,1.053341962264919829e-11,9.933776891346557392e-12,1.009093242992920025e-11,1.035107503183363420e-11,9.869577377585869726e-12,9.676533012370480691e-12,1.012815959572366253e-11,9.407919755732851996e-12,9.888970718685552441e-12,1.027305410877810132e-11,1.027951855581132889e-11,1.029356287707283713e-11,1.017720109575126486e-11,9.847732004852893795e-12,1.000377211624048357e-11,1.009918017269573198e-11,9.917504317780156953e-12,9.668731093537275001e-12,9.936451834946513628e-12,9.682328723503719203e-12,9.281749847878106863e-12,9.836809318486405829e-12,1.006195387426300769e-11,9.856648483519414583e-12,9.782417931258891031e-12,9.702167888536727958e-12,9.460527847227062637e-12,9.094277414467555332e-12,8.737390151669632843e-12,8.533423100087755842e-12,9.189685470922803745e-12,9.177871136689663700e-12,9.349961777038728883e-12,9.654909684242429790e-12,9.720224625198170543e-12,9.858877603186044780e-12,9.649113973109191278e-12,9.652234740642473554e-12,9.721785008964811681e-12,9.661151219308994342e-12,9.508008963488023824e-12,9.909702398946951263e-12,1.004033054613495679e-11,9.697932561170130583e-12,1.011857438115715269e-11,1.002272050076857823e-11,9.896550592913833100e-12,9.638414198709366332e-12,9.185673055522869390e-12,9.405021900166232740e-12,8.892762394518971547e-12,8.879610588485853384e-12,8.836364799591489572e-12,9.055713644234852921e-12,9.149560449561722209e-12,9.006895056173913616e-12,8.682552940508792005e-12,8.526066137826138203e-12,8.687902827708704478e-12,8.776623525164062301e-12,8.861999675757736838e-12,8.770381990097497749e-12,8.800698017563668429e-12,8.991068306540839217e-12,9.086698407601012661e-12,9.118798598162225488e-12,8.757676007997705625e-12,8.496195934293293561e-12,8.548804025787504202e-12,8.525397401926149143e-12,8.941135158646584813e-12,9.018263566473727622e-12,8.716882250736635029e-12,8.532977276154429802e-12,8.249651829717041807e-12,8.298915374349569163e-12,8.330569740977455950e-12,8.517818395059606473e-12,8.724684169569840719e-12,8.276624177683267192e-12,8.333021772610749167e-12,8.500208349693227916e-12,8.316080463144359669e-12,8.324551117877554418e-12,8.214876695555872743e-12,8.165389371594944379e-12,8.262803635750159970e-12,8.226245205855686748e-12,8.090490083434431767e-12,8.292228015349678572e-12,8.136856639862077856e-12,8.194591706589537949e-12,8.011800424478909832e-12,7.815412379763575501e-12,7.794012830963925609e-12,7.954734093651438798e-12,7.564187123887400332e-12,7.455404349432370736e-12,7.370918979343610289e-12,7.323214951115986082e-12,7.362671236577078560e-12,7.586701232520365323e-12,7.677205225709027303e-12,7.934894928618430043e-12,7.860664376357906491e-12,8.115456223700689975e-12,8.037659079973558107e-12,7.932219985018473807e-12,7.949384206451526325e-12,7.946486350884907068e-12,7.674084458175745027e-12,7.501992950464941856e-12,7.721787619041631245e-12,7.574441074353899239e-12,7.399452578438214800e-12,7.120251003384092670e-12,6.983938167365311145e-12,6.973461304932149218e-12,6.960420521201493571e-12,6.825111222713564629e-12,7.009350565245764386e-12,7.172078902994982741e-12,6.970229081415535433e-12,6.923416701054563305e-12,6.914946046321368556e-12,7.321208743416018905e-12,7.348181958743982278e-12,7.271721853135959535e-12,7.380950017843446176e-12,7.356206789543850988e-12,7.088151246503748837e-12,6.839266132596666381e-12
